41     
2     
10 10    
20 20    
0 50 50 0  
1 90.8427 25.481 2  
2 85.2423 81.3483 2  
3 56.5975 49.3935 1  
4 77.8672 41.7246 4  
5 73.7428 36.6313 5  
6 23.1664 77.7421 2  
7 32.7319 56.5632 3  
8 44.7445 98.8683 2  
9 27.5933 53.4457 5  
10 59.1227 98.9842 2  
11 41.3072 85.6419 3  
12 54.9161 76.0961 3  
13 84.8954 49.0502 2  
14 75.9272 83.6147 3  
15 81.4299 74.9148 5  
16 54.5664 87.9249 3  
17 24.8253 76.2892 5  
18 97.66 75.7858 2  
19 15.958 33.7131 2  
20 92.8002 33.2537 4  
21 90.8427 25.481 2  
22 85.2423 81.3483 2  
23 56.5975 49.3935 3  
24 77.8672 41.7246 3  
25 73.7428 36.6313 1  
26 23.1664 77.7421 4  
27 32.7319 56.5632 2  
28 44.7445 98.8683 4  
29 27.5933 53.4457 3  
30 59.1227 98.9842 4  
31 41.3072 85.6419 3  
32 54.9161 76.0961 2  
33 84.8954 49.0502 3  
34 75.9272 83.6147 2  
35 81.4299 74.9148 1  
36 54.5664 87.9249 2  
37 24.8253 76.2892 4  
38 97.66 75.7858 4  
39 15.958 33.7131 2  
40 92.8002 33.2537 2  
     
     
     
     
     
     
     
     
     
     
     
     
     
     
     
     
     
     
     
     
     
     
     
     
     
     
     
     
     
     
     
     
     
     
     
     
     
     
     
     
     
     
     
     
     
     
     
     
     
     
     
     
     
     
     
     
     
     
     
     
     
     
     
     
     
     
     
     
     
     
     
     
     
     
     
     
     
     
     
     
     
     
     
     
     
     
     
     
     
     
     
     
     
     
     
     
     
     
     
     
     
     
     
     
     
     
     
     
     
     
     
     
     
     
     
     
     
     
     
     
     
     
     
     
     
     
     
     
     
     
     
     
     
     
     
     
     
     
     
     
     
     
     
     
     
     
     
     
     
     
     
     
     
     
     
     
     
     
     
     
