51     
2     
10 10    
25 25    
0 50 50 0  
1 5.4742 13.6639 4  
2 56.5324 18.5728 3  
3 28.8969 88.0965 2  
4 46.2325 67.5018 1  
5 60.2775 16.4114 5  
6 46.5764 36.9013 1  
7 92.7474 19.1074 5  
8 72.4842 84.9199 2  
9 85.5653 43.2486 5  
10 74.327 9.2286 5  
11 61.692 33.1416 3  
12 10.1566 87.8063 1  
13 42.1136 50.7648 3  
14 7.5944 7.3161 4  
15 41.5944 99.887 2  
16 96.1876 62.2897 5  
17 39.6928 10.7336 3  
18 30.6911 17.1037 5  
19 15.4375 51.4231 4  
20 47.7836 58.609 2  
21 5.9529 63.4696 1  
22 94.8738 50.1757 4  
23 9.1267 87.6559 3  
24 2.1709 1.5146 1  
25 90.6468 41.9378 2  
26 5.4742 13.6639 3  
27 56.5324 18.5728 2  
28 28.8969 88.0965 4  
29 46.2325 67.5018 4  
30 60.2775 16.4114 4  
31 46.5764 36.9013 3  
32 92.7474 19.1074 4  
33 72.4842 84.9199 5  
34 85.5653 43.2486 1  
35 74.327 9.2286 2  
36 61.692 33.1416 4  
37 10.1566 87.8063 3  
38 42.1136 50.7648 2  
39 7.5944 7.3161 4  
40 41.5944 99.887 2  
41 96.1876 62.2897 5  
42 39.6928 10.7336 5  
43 30.6911 17.1037 2  
44 15.4375 51.4231 5  
45 47.7836 58.609 3  
46 5.9529 63.4696 5  
47 94.8738 50.1757 1  
48 9.1267 87.6559 1  
49 2.1709 1.5146 4  
50 90.6468 41.9378 1  
     
     
     
     
     
     
     
     
     
     
     
     
     
     
     
     
     
     
     
     
     
     
     
     
     
     
     
     
     
     
     
     
     
     
     
     
     
     
     
     
     
     
     
     
     
     
     
     
     
     
     
     
     
     
     
     
     
     
     
     
     
     
     
     
     
     
     
     
     
     
     
     
     
     
     
     
     
     
     
     
     
     
     
     
     
     
     
     
     
     
     
     
     
     
     
     
     
     
     
     
     
     
     
     
     
     
     
     
     
     
     
     
     
     
     
     
     
     
     
     
     
     
     
     
     
     
     
     
     
     
     
     
     
     
     
     
     
     
     
     
     
     
     
     
     
     
     
     
     
     
