51     
2     
10 10    
25 25    
0 50 50 0  
1 99.7722 98.8733 1  
2 43.4604 32.283 2  
3 58.1458 57.4125 3  
4 44.239 7.8236 5  
5 39.363 71.0966 2  
6 27.3712 34.2496 4  
7 17.6977 80.554 4  
8 1.3492 53.8513 2  
9 30.6296 53.43 2  
10 33.7431 53.4155 3  
11 48.767 28.0735 4  
12 71.2858 55.6247 5  
13 67.1299 80.4181 2  
14 31.0271 96.4262 5  
15 7.4255 64.7182 3  
16 26.6849 46.6751 2  
17 90.1252 59.9622 1  
18 72.0583 91.6904 3  
19 34.9444 27.4956 2  
20 39.5764 32.0965 4  
21 56.5328 77.7545 5  
22 54.8567 17.5883 3  
23 38.3181 95.385 1  
24 97.1562 53.5334 5  
25 0.1806 51.2403 4  
26 99.7722 98.8733 1  
27 43.4604 32.283 3  
28 58.1458 57.4125 5  
29 44.239 7.8236 5  
30 39.363 71.0966 4  
31 27.3712 34.2496 1  
32 17.6977 80.554 4  
33 1.3492 53.8513 5  
34 30.6296 53.43 2  
35 33.7431 53.4155 4  
36 48.767 28.0735 1  
37 71.2858 55.6247 4  
38 67.1299 80.4181 1  
39 31.0271 96.4262 3  
40 7.4255 64.7182 5  
41 26.6849 46.6751 5  
42 90.1252 59.9622 5  
43 72.0583 91.6904 3  
44 34.9444 27.4956 1  
45 39.5764 32.0965 2  
46 56.5328 77.7545 3  
47 54.8567 17.5883 4  
48 38.3181 95.385 3  
49 97.1562 53.5334 3  
50 0.1806 51.2403 5  
     
     
     
     
     
     
     
     
     
     
     
     
     
     
     
     
     
     
     
     
     
     
     
     
     
     
     
     
     
     
     
     
     
     
     
     
     
     
     
     
     
     
     
     
     
     
     
     
     
     
     
     
     
     
     
     
     
     
     
     
     
     
     
     
     
     
     
     
     
     
     
     
     
     
     
     
     
     
     
     
     
     
     
     
     
     
     
     
     
     
     
     
     
     
     
     
     
     
     
     
     
     
     
     
     
     
     
     
     
     
     
     
     
     
     
     
     
     
     
     
     
     
     
     
     
     
     
     
     
     
     
     
     
     
     
     
     
     
     
     
     
     
     
     
     
     
     
     
     
     
