41     
2     
10 10    
20 20    
0 50 50 0  
1 99.7722 98.8733 4  
2 43.4604 32.283 4  
3 58.1458 57.4125 4  
4 44.239 7.8236 2  
5 39.363 71.0966 5  
6 27.3712 34.2496 1  
7 17.6977 80.554 5  
8 1.3492 53.8513 2  
9 30.6296 53.43 4  
10 33.7431 53.4155 4  
11 48.767 28.0735 5  
12 71.2858 55.6247 5  
13 67.1299 80.4181 2  
14 31.0271 96.4262 2  
15 7.4255 64.7182 3  
16 26.6849 46.6751 1  
17 90.1252 59.9622 4  
18 72.0583 91.6904 4  
19 34.9444 27.4956 1  
20 39.5764 32.0965 5  
21 99.7722 98.8733 4  
22 43.4604 32.283 1  
23 58.1458 57.4125 1  
24 44.239 7.8236 5  
25 39.363 71.0966 2  
26 27.3712 34.2496 2  
27 17.6977 80.554 2  
28 1.3492 53.8513 4  
29 30.6296 53.43 4  
30 33.7431 53.4155 2  
31 48.767 28.0735 4  
32 71.2858 55.6247 2  
33 67.1299 80.4181 3  
34 31.0271 96.4262 2  
35 7.4255 64.7182 4  
36 26.6849 46.6751 1  
37 90.1252 59.9622 5  
38 72.0583 91.6904 3  
39 34.9444 27.4956 3  
40 39.5764 32.0965 4  
     
     
     
     
     
     
     
     
     
     
     
     
     
     
     
     
     
     
     
     
     
     
     
     
     
     
     
     
     
     
     
     
     
     
     
     
     
     
     
     
     
     
     
     
     
     
     
     
     
     
     
     
     
     
     
     
     
     
     
     
     
     
     
     
     
     
     
     
     
     
     
     
     
     
     
     
     
     
     
     
     
     
     
     
     
     
     
     
     
     
     
     
     
     
     
     
     
     
     
     
     
     
     
     
     
     
     
     
     
     
     
     
     
     
     
     
     
     
     
     
     
     
     
     
     
     
     
     
     
     
     
     
     
     
     
     
     
     
     
     
     
     
     
     
     
     
     
     
     
     
     
     
     
     
     
     
     
     
     
     
