41     
2     
10 10    
20 20    
0 50 50 0  
1 5.4742 13.6639 4  
2 56.5324 18.5728 3  
3 28.8969 88.0965 2  
4 46.2325 67.5018 2  
5 60.2775 16.4114 5  
6 46.5764 36.9013 1  
7 92.7474 19.1074 5  
8 72.4842 84.9199 2  
9 85.5653 43.2486 5  
10 74.327 9.2286 5  
11 61.692 33.1416 3  
12 10.1566 87.8063 3  
13 42.1136 50.7648 3  
14 7.5944 7.3161 4  
15 41.5944 99.887 2  
16 96.1876 62.2897 5  
17 39.6928 10.7336 3  
18 30.6911 17.1037 5  
19 15.4375 51.4231 4  
20 47.7836 58.609 2  
21 5.4742 13.6639 3  
22 56.5324 18.5728 2  
23 28.8969 88.0965 4  
24 46.2325 67.5018 4  
25 60.2775 16.4114 4  
26 46.5764 36.9013 3  
27 92.7474 19.1074 4  
28 72.4842 84.9199 5  
29 85.5653 43.2486 2  
30 74.327 9.2286 2  
31 61.692 33.1416 4  
32 10.1566 87.8063 3  
33 42.1136 50.7648 2  
34 7.5944 7.3161 4  
35 41.5944 99.887 2  
36 96.1876 62.2897 5  
37 39.6928 10.7336 5  
38 30.6911 17.1037 2  
39 15.4375 51.4231 5  
40 47.7836 58.609 3  
     
     
     
     
     
     
     
     
     
     
     
     
     
     
     
     
     
     
     
     
     
     
     
     
     
     
     
     
     
     
     
     
     
     
     
     
     
     
     
     
     
     
     
     
     
     
     
     
     
     
     
     
     
     
     
     
     
     
     
     
     
     
     
     
     
     
     
     
     
     
     
     
     
     
     
     
     
     
     
     
     
     
     
     
     
     
     
     
     
     
     
     
     
     
     
     
     
     
     
     
     
     
     
     
     
     
     
     
     
     
     
     
     
     
     
     
     
     
     
     
     
     
     
     
     
     
     
     
     
     
     
     
     
     
     
     
     
     
     
     
     
     
     
     
     
     
     
     
     
     
     
     
     
     
     
     
     
     
     
     
