21     
2     
10 10    
10 10    
0 50 50 0  
1 14.1111 89.8229 3  
2 64.7726 88.2813 2  
3 68.0763 6.2491 3  
4 78.1165 1.0627 4  
5 55.7553 58.1743 2  
6 8.3816 5.6943 5  
7 31.3772 44.6374 3  
8 85.9265 56.3352 5  
9 71.3697 47.9374 4  
10 60.6076 36.0841 2  
11 14.1111 89.8229 4  
12 64.7726 88.2813 3  
13 68.0763 6.2491 2  
14 78.1165 1.0627 4  
15 55.7553 58.1743 2  
16 8.3816 5.6943 5  
17 31.3772 44.6374 5  
18 85.9265 56.3352 2  
19 71.3697 47.9374 5  
20 60.6076 36.0841 3  
     
     
     
     
     
     
     
     
     
     
     
     
     
     
     
     
     
     
     
     
     
     
     
     
     
     
     
     
     
     
     
     
     
     
     
     
     
     
     
     
     
     
     
     
     
     
     
     
     
     
     
     
     
     
     
     
     
     
     
     
     
     
     
     
     
     
     
     
     
     
     
     
     
     
     
     
     
     
     
     
     
     
     
     
     
     
     
     
     
     
     
     
     
     
     
     
     
     
     
     
     
     
     
     
     
     
     
     
     
     
     
     
     
     
     
     
     
     
     
     
     
     
     
     
     
     
     
     
     
     
     
     
     
     
     
     
     
     
     
     
     
     
     
     
     
     
     
     
     
     
     
     
     
     
     
     
     
     
     
     
     
     
     
     
     
     
     
     
     
     
     
     
     
     
     
     
     
     
     
     
