51     
2     
10 10    
25 25    
0 50 50 0  
1 31.5092 48.3311 2  
2 81.3269 10.538 1  
3 89.4204 68.58 2  
4 34.7426 67.0549 3  
5 46.1501 83.7575 5  
6 46.4747 77.6014 3  
7 63.1714 80.8758 1  
8 15.7876 90.2543 3  
9 23.3303 9.6691 3  
10 71.5152 35.664 1  
11 26.2445 62.3569 1  
12 16.9717 56.0725 2  
13 58.7688 63.9987 1  
14 86.082 41.2448 4  
15 10.5798 37.258 5  
16 34.6655 43.022 1  
17 67.3096 64.0859 3  
18 33.6503 8.6894 1  
19 76.7396 77.7103 5  
20 39.3955 59.0804 1  
21 67.4189 97.4652 3  
22 54.5391 32.2687 3  
23 27.653 31.3751 2  
24 61.8609 66.8024 3  
25 48.0551 98.0464 5  
26 31.5092 48.3311 3  
27 81.3269 10.538 3  
28 89.4204 68.58 4  
29 34.7426 67.0549 1  
30 46.1501 83.7575 4  
31 46.4747 77.6014 2  
32 63.1714 80.8758 4  
33 15.7876 90.2543 4  
34 23.3303 9.6691 5  
35 71.5152 35.664 2  
36 26.2445 62.3569 1  
37 16.9717 56.0725 1  
38 58.7688 63.9987 3  
39 86.082 41.2448 3  
40 10.5798 37.258 1  
41 34.6655 43.022 4  
42 67.3096 64.0859 2  
43 33.6503 8.6894 4  
44 76.7396 77.7103 3  
45 39.3955 59.0804 4  
46 67.4189 97.4652 3  
47 54.5391 32.2687 2  
48 27.653 31.3751 1  
49 61.8609 66.8024 1  
50 48.0551 98.0464 1  
     
     
     
     
     
     
     
     
     
     
     
     
     
     
     
     
     
     
     
     
     
     
     
     
     
     
     
     
     
     
     
     
     
     
     
     
     
     
     
     
     
     
     
     
     
     
     
     
     
     
     
     
     
     
     
     
     
     
     
     
     
     
     
     
     
     
     
     
     
     
     
     
     
     
     
     
     
     
     
     
     
     
     
     
     
     
     
     
     
     
     
     
     
     
     
     
     
     
     
     
     
     
     
     
     
     
     
     
     
     
     
     
     
     
     
     
     
     
     
     
     
     
     
     
     
     
     
     
     
     
     
     
     
     
     
     
     
     
     
     
     
     
     
     
     
     
     
     
     
     
