21     
2     
10 10    
10 10    
0 50 50 0  
1 13.3592 21.44 1  
2 40.6484 81.2047 2  
3 69.3309 14.3795 1  
4 8.2801 78.3992 4  
5 80.7394 9.6994 5  
6 96.0755 17.3459 3  
7 71.5359 49.1575 3  
8 47.9623 24.4751 1  
9 78.9444 6.1537 5  
10 27.4941 26.3776 2  
11 13.3592 21.44 1  
12 40.6484 81.2047 1  
13 69.3309 14.3795 3  
14 8.2801 78.3992 3  
15 80.7394 9.6994 5  
16 96.0755 17.3459 4  
17 71.5359 49.1575 2  
18 47.9623 24.4751 4  
19 78.9444 6.1537 3  
20 27.4941 26.3776 4  
     
     
     
     
     
     
     
     
     
     
     
     
     
     
     
     
     
     
     
     
     
     
     
     
     
     
     
     
     
     
     
     
     
     
     
     
     
     
     
     
     
     
     
     
     
     
     
     
     
     
     
     
     
     
     
     
     
     
     
     
     
     
     
     
     
     
     
     
     
     
     
     
     
     
     
     
     
     
     
     
     
     
     
     
     
     
     
     
     
     
     
     
     
     
     
     
     
     
     
     
     
     
     
     
     
     
     
     
     
     
     
     
     
     
     
     
     
     
     
     
     
     
     
     
     
     
     
     
     
     
     
     
     
     
     
     
     
     
     
     
     
     
     
     
     
     
     
     
     
     
     
     
     
     
     
     
     
     
     
     
     
     
     
     
     
     
     
     
     
     
     
     
     
     
     
     
     
     
     
     
