51     
2     
10 10    
25 25    
0 50 50 0  
1 13.3592 21.44 5  
2 40.6484 81.2047 2  
3 69.3309 14.3795 3  
4 8.2801 78.3992 3  
5 80.7394 9.6994 2  
6 96.0755 17.3459 5  
7 71.5359 49.1575 5  
8 47.9623 24.4751 4  
9 78.9444 6.1537 5  
10 27.4941 26.3776 2  
11 80.6625 7.5593 3  
12 54.2323 7.2158 5  
13 42.9181 81.5484 3  
14 51.7424 27.5604 2  
15 15.5909 89.8042 1  
16 49.0777 14.4823 3  
17 10.8234 44.1343 1  
18 21.5366 24.6832 4  
19 89.7186 71.8192 2  
20 95.0107 17.7764 4  
21 20.1601 58.7727 2  
22 81.5598 72.2021 5  
23 4.6311 6.2789 3  
24 51.7119 16.4723 4  
25 5.9263 59.3584 1  
26 13.3592 21.44 5  
27 40.6484 81.2047 5  
28 69.3309 14.3795 5  
29 8.2801 78.3992 4  
30 80.7394 9.6994 1  
31 96.0755 17.3459 3  
32 71.5359 49.1575 5  
33 47.9623 24.4751 5  
34 78.9444 6.1537 5  
35 27.4941 26.3776 2  
36 80.6625 7.5593 5  
37 54.2323 7.2158 2  
38 42.9181 81.5484 5  
39 51.7424 27.5604 2  
40 15.5909 89.8042 4  
41 49.0777 14.4823 5  
42 10.8234 44.1343 2  
43 21.5366 24.6832 3  
44 89.7186 71.8192 5  
45 95.0107 17.7764 5  
46 20.1601 58.7727 4  
47 81.5598 72.2021 4  
48 4.6311 6.2789 3  
49 51.7119 16.4723 3  
50 5.9263 59.3584 5  
     
     
     
     
     
     
     
     
     
     
     
     
     
     
     
     
     
     
     
     
     
     
     
     
     
     
     
     
     
     
     
     
     
     
     
     
     
     
     
     
     
     
     
     
     
     
     
     
     
     
     
     
     
     
     
     
     
     
     
     
     
     
     
     
     
     
     
     
     
     
     
     
     
     
     
     
     
     
     
     
     
     
     
     
     
     
     
     
     
     
     
     
     
     
     
     
     
     
     
     
     
     
     
     
     
     
     
     
     
     
     
     
     
     
     
     
     
     
     
     
     
     
     
     
     
     
     
     
     
     
     
     
     
     
     
     
     
     
     
     
     
     
     
     
     
     
     
     
     
     
