51     
2     
10 10    
25 25    
0 50 50 0  
1 90.8427 25.481 3  
2 85.2423 81.3483 5  
3 56.5975 49.3935 2  
4 77.8672 41.7246 2  
5 73.7428 36.6313 1  
6 23.1664 77.7421 4  
7 32.7319 56.5632 2  
8 44.7445 98.8683 2  
9 27.5933 53.4457 1  
10 59.1227 98.9842 2  
11 41.3072 85.6419 3  
12 54.9161 76.0961 5  
13 84.8954 49.0502 3  
14 75.9272 83.6147 4  
15 81.4299 74.9148 5  
16 54.5664 87.9249 5  
17 24.8253 76.2892 2  
18 97.66 75.7858 3  
19 15.958 33.7131 5  
20 92.8002 33.2537 1  
21 66.3083 99.1024 3  
22 93.2261 63.265 3  
23 34.1717 84.0256 5  
24 96.6866 86.6167 4  
25 41.2978 50.358 5  
26 90.8427 25.481 2  
27 85.2423 81.3483 4  
28 56.5975 49.3935 4  
29 77.8672 41.7246 1  
30 73.7428 36.6313 2  
31 23.1664 77.7421 2  
32 32.7319 56.5632 3  
33 44.7445 98.8683 2  
34 27.5933 53.4457 3  
35 59.1227 98.9842 5  
36 41.3072 85.6419 4  
37 54.9161 76.0961 2  
38 84.8954 49.0502 1  
39 75.9272 83.6147 3  
40 81.4299 74.9148 1  
41 54.5664 87.9249 4  
42 24.8253 76.2892 1  
43 97.66 75.7858 2  
44 15.958 33.7131 1  
45 92.8002 33.2537 2  
46 66.3083 99.1024 5  
47 93.2261 63.265 3  
48 34.1717 84.0256 5  
49 96.6866 86.6167 4  
50 41.2978 50.358 2  
     
     
     
     
     
     
     
     
     
     
     
     
     
     
     
     
     
     
     
     
     
     
     
     
     
     
     
     
     
     
     
     
     
     
     
     
     
     
     
     
     
     
     
     
     
     
     
     
     
     
     
     
     
     
     
     
     
     
     
     
     
     
     
     
     
     
     
     
     
     
     
     
     
     
     
     
     
     
     
     
     
     
     
     
     
     
     
     
     
     
     
     
     
     
     
     
     
     
     
     
     
     
     
     
     
     
     
     
     
     
     
     
     
     
     
     
     
     
     
     
     
     
     
     
     
     
     
     
     
     
     
     
     
     
     
     
     
     
     
     
     
     
     
     
     
     
     
     
     
     
