21     
2     
10 10    
10 10    
0 50 50 0  
1 99.7722 98.8733 3  
2 43.4604 32.283 3  
3 58.1458 57.4125 2  
4 44.239 7.8236 3  
5 39.363 71.0966 5  
6 27.3712 34.2496 3  
7 17.6977 80.554 5  
8 1.3492 53.8513 2  
9 30.6296 53.43 2  
10 33.7431 53.4155 1  
11 99.7722 98.8733 3  
12 43.4604 32.283 2  
13 58.1458 57.4125 1  
14 44.239 7.8236 1  
15 39.363 71.0966 1  
16 27.3712 34.2496 2  
17 17.6977 80.554 4  
18 1.3492 53.8513 4  
19 30.6296 53.43 1  
20 33.7431 53.4155 2  
     
     
     
     
     
     
     
     
     
     
     
     
     
     
     
     
     
     
     
     
     
     
     
     
     
     
     
     
     
     
     
     
     
     
     
     
     
     
     
     
     
     
     
     
     
     
     
     
     
     
     
     
     
     
     
     
     
     
     
     
     
     
     
     
     
     
     
     
     
     
     
     
     
     
     
     
     
     
     
     
     
     
     
     
     
     
     
     
     
     
     
     
     
     
     
     
     
     
     
     
     
     
     
     
     
     
     
     
     
     
     
     
     
     
     
     
     
     
     
     
     
     
     
     
     
     
     
     
     
     
     
     
     
     
     
     
     
     
     
     
     
     
     
     
     
     
     
     
     
     
     
     
     
     
     
     
     
     
     
     
     
     
     
     
     
     
     
     
     
     
     
     
     
     
     
     
     
     
     
     
