41     
2     
10 10    
20 20    
0 50 50 0  
1 31.5092 48.3311 1  
2 81.3269 10.538 2  
3 89.4204 68.58 3  
4 34.7426 67.0549 4  
5 46.1501 83.7575 5  
6 46.4747 77.6014 1  
7 63.1714 80.8758 3  
8 15.7876 90.2543 1  
9 23.3303 9.6691 5  
10 71.5152 35.664 1  
11 26.2445 62.3569 3  
12 16.9717 56.0725 3  
13 58.7688 63.9987 2  
14 86.082 41.2448 3  
15 10.5798 37.258 5  
16 34.6655 43.022 3  
17 67.3096 64.0859 5  
18 33.6503 8.6894 2  
19 76.7396 77.7103 2  
20 39.3955 59.0804 1  
21 31.5092 48.3311 2  
22 81.3269 10.538 1  
23 89.4204 68.58 3  
24 34.7426 67.0549 3  
25 46.1501 83.7575 1  
26 46.4747 77.6014 4  
27 63.1714 80.8758 2  
28 15.7876 90.2543 4  
29 23.3303 9.6691 3  
30 71.5152 35.664 4  
31 26.2445 62.3569 3  
32 16.9717 56.0725 2  
33 58.7688 63.9987 1  
34 86.082 41.2448 2  
35 10.5798 37.258 1  
36 34.6655 43.022 2  
37 67.3096 64.0859 4  
38 33.6503 8.6894 4  
39 76.7396 77.7103 1  
40 39.3955 59.0804 2  
     
     
     
     
     
     
     
     
     
     
     
     
     
     
     
     
     
     
     
     
     
     
     
     
     
     
     
     
     
     
     
     
     
     
     
     
     
     
     
     
     
     
     
     
     
     
     
     
     
     
     
     
     
     
     
     
     
     
     
     
     
     
     
     
     
     
     
     
     
     
     
     
     
     
     
     
     
     
     
     
     
     
     
     
     
     
     
     
     
     
     
     
     
     
     
     
     
     
     
     
     
     
     
     
     
     
     
     
     
     
     
     
     
     
     
     
     
     
     
     
     
     
     
     
     
     
     
     
     
     
     
     
     
     
     
     
     
     
     
