41     
2     
10 10    
20 20    
0 50 50 0  
1 13.3592 21.44 4  
2 40.6484 81.2047 3  
3 69.3309 14.3795 4  
4 8.2801 78.3992 4  
5 80.7394 9.6994 2  
6 96.0755 17.3459 5  
7 71.5359 49.1575 4  
8 47.9623 24.4751 4  
9 78.9444 6.1537 5  
10 27.4941 26.3776 1  
11 80.6625 7.5593 3  
12 54.2323 7.2158 1  
13 42.9181 81.5484 3  
14 51.7424 27.5604 3  
15 15.5909 89.8042 4  
16 49.0777 14.4823 2  
17 10.8234 44.1343 3  
18 21.5366 24.6832 4  
19 89.7186 71.8192 4  
20 95.0107 17.7764 3  
21 13.3592 21.44 5  
22 40.6484 81.2047 4  
23 69.3309 14.3795 4  
24 8.2801 78.3992 3  
25 80.7394 9.6994 4  
26 96.0755 17.3459 5  
27 71.5359 49.1575 1  
28 47.9623 24.4751 5  
29 78.9444 6.1537 5  
30 27.4941 26.3776 4  
31 80.6625 7.5593 5  
32 54.2323 7.2158 3  
33 42.9181 81.5484 2  
34 51.7424 27.5604 5  
35 15.5909 89.8042 3  
36 49.0777 14.4823 1  
37 10.8234 44.1343 4  
38 21.5366 24.6832 3  
39 89.7186 71.8192 5  
40 95.0107 17.7764 4  
     
     
     
     
     
     
     
     
     
     
     
     
     
     
     
     
     
     
     
     
     
     
     
     
     
     
     
     
     
     
     
     
     
     
     
     
     
     
     
     
     
     
     
     
     
     
     
     
     
     
     
     
     
     
     
     
     
     
     
     
     
     
     
     
     
     
     
     
     
     
     
     
     
     
     
     
     
     
     
     
     
     
     
     
     
     
     
     
     
     
     
     
     
     
     
     
     
     
     
     
     
     
     
     
     
     
     
     
     
     
     
     
     
     
     
     
     
     
     
     
     
     
     
     
     
     
     
     
     
     
     
     
     
     
     
     
     
     
     
     
     
     
     
     
     
     
     
     
     
     
     
     
     
     
     
     
     
     
     
     
